--- Criterios de Curación Estricta (_strict_curated_A15) ---
1. Área < 1322.28 (Cuantil 0.15)
2. Relación de Aspecto < 0.89 (Cuantil 0.075)
3. Relación de Aspecto > 1.41 (Cuantil 0.925)
4. Solidez < 0.98 (Cuantil 0.075)

--- Imágenes Eliminadas ---
       area  aspect_ratio  solidity  width  height            image_name dataset_type
1    1474.0      1.282051  0.981032     50      39             COVID-269        train
5    1509.5      1.558824  0.987893     53      34           Normal-5207        train
6    1163.5      1.363636  0.996147     45      33           Normal-2267        train
7    1289.0      1.184211  0.994215     45      38            COVID-2023        train
10   2234.5      0.836364  0.991569     46      55          Normal-10115        train
21   1638.5      0.773585  0.996655     41      53  Viral Pneumonia-1234        train
22   1197.0      1.264706  0.997085     43      34             COVID-855        train
25    782.0      1.062500  0.997449     34      32             COVID-477        train
28   1254.0      1.205882  0.989740     41      34           Normal-8352        train
30   2222.0      0.877193  0.993517     50      57   Viral Pneumonia-265        train
33   2390.5      0.819672  0.986180     50      61   Viral Pneumonia-328        train
35   1135.5      1.419355  0.996490     44      31           Normal-7156        train
36   1309.5      0.770833  0.993928     37      48   Viral Pneumonia-658        train
40   1267.5      1.157895  0.996854     44      38           Normal-2045        train
41   1211.0      1.081081  0.988168     40      37           Normal-1533        train
42   1125.5      1.138889  0.995577     41      36            COVID-1753        train
44   1362.0      0.822222  0.988748     37      45            COVID-2243        train
45   1349.0      1.128205  0.981448     44      39           Normal-2215        train
50   1170.5      1.138889  1.000000     41      36            COVID-2527        train
59   1247.5      1.243243  0.986166     46      37            COVID-3399        train
60   1906.5      0.884615  0.997645     46      52  Viral Pneumonia-1038        train
62   1771.5      0.773585  0.989388     41      53           Normal-1487        train
64   1175.0      0.857143  0.982031     36      42            COVID-1248        train
66   1336.0      1.470588  0.973761     50      34           Normal-5354        train
70   2040.5      0.833333  0.993427     45      54   Viral Pneumonia-774        train
78   1060.5      1.147059  1.000000     39      34           Normal-8346        train
79   1558.0      1.046512  0.983896     45      43           Normal-8726        train
84   1179.0      1.051282  0.997040     41      39            COVID-1540        train
86   1488.0      1.179487  0.979914     46      39           Normal-2520        train
88    488.0      1.428571  0.977956     30      21           Normal-1882        train
89    786.5      0.937500  0.989308     30      32            COVID-2217        train
90   1209.5      1.108108  0.996704     41      37             COVID-847        train
98   1095.0      1.212121  0.992747     40      33            COVID-3039        train
100  2150.5      1.212766  0.984661     57      47           Normal-6258        train
106  2140.5      0.854545  0.996508     47      55   Viral Pneumonia-370        train
111  1225.5      0.711111  0.995532     32      45   Viral Pneumonia-932        train
115  1806.5      0.823529  0.997515     42      51           Normal-6393        train
116  1690.5      1.540541  1.000000     57      37             COVID-670        train
119  1289.5      1.184211  0.992687     45      38            COVID-1397        train
121   963.5      1.343750  0.993811     43      32           Normal-1945        train
123  1277.0      0.906977  0.998827     39      43            COVID-2705        train
125  1073.5      1.433333  0.999534     43      30           Normal-1500        train
131  1013.0      1.090909  0.996067     36      33           Normal-9470        train
132  1199.5      1.135135  0.987649     42      37            COVID-2459        train
135   714.0      1.185185  0.998601     32      27           Normal-1466        train
137  1940.5      1.414634  0.996918     58      41           Normal-7718        train
139  1371.5      0.951220  0.981395     39      41           Normal-5077        train
141  1039.5      1.433333  0.992837     43      30           Normal-8266        train
144  1431.0      1.048780  0.982830     43      41            COVID-2255        train
147  1440.0      0.934783  0.978926     43      46  Viral Pneumonia-1249        train
148  1316.0      1.222222  1.000000     44      36            COVID-2474        train
156  1990.5      0.771930  0.993263     44      57            COVID-2287        train
162  1169.0      1.027027  0.989002     38      37             COVID-824        train
166  1178.0      1.323529  1.000000     45      34             COVID-726        train
167  2876.0      0.868852  0.986960     53      61   Viral Pneumonia-203        train
168  1058.0      1.194444  1.000000     43      36             COVID-914        train
169  1187.5      1.128205  0.992478     44      39            Normal-764        train
173  1174.0      1.393939  0.993652     46      33             COVID-989        train
174  1705.0      0.784314  0.988979     40      51            COVID-3333        train
175  1511.0      1.000000  0.978310     45      45            COVID-1803        train
178   555.0      1.320000  0.999100     33      25           Normal-1537        train
181  2146.0      0.867925  0.990766     46      53           Normal-1298        train
183  1028.0      2.000000  0.999028     50      25           Normal-7961        train
187  1264.0      1.025641  1.000000     40      39             COVID-947        train
188  1039.5      1.147059  1.000000     39      34            COVID-1498        train
191   804.5      1.193548  0.991374     37      31           Normal-2121        train
192   569.5      1.500000  0.999123     33      22           Normal-2095        train
203  1208.5      1.189189  0.985726     44      37           Normal-5497        train
204  2186.5      1.018519  0.984466     55      54           Normal-5182        train
205   688.5      1.440000  1.000000     36      25           Normal-8144        train
206  1406.5      1.529412  1.000000     52      34            Normal-625        train
208  2090.5      0.943396  0.983302     50      53           Normal-6188        train
210  1255.0      1.500000  0.993666     48      32           Normal-5861        train
211  1099.5      1.071429  0.987427     45      42   Viral Pneumonia-595        train
212  1242.0      1.025641  0.988854     40      39           Normal-6957        train
215  1322.0      1.216216  0.993238     45      37           Normal-5674        train
221  1387.5      0.847826  0.993200     39      46            COVID-2242        train
225  1180.0      1.500000  0.987035     45      30            COVID-3218        train
227  1740.0      1.425000  0.991453     57      40             COVID-352        train
230  1275.5      1.078947  0.984942     41      38           Normal-7848        train
231  1607.5      1.315789  0.978989     50      38           Normal-6335        train
237  1203.5      1.000000  1.000000     38      38           Normal-7909        train
238   893.5      1.518519  0.997210     41      27           Normal-7874        train
242  1802.5      0.803922  0.990657     41      51              COVID-73        train
247   793.5      1.266667  0.996234     38      30             COVID-998        train
248  2337.0      0.847458  0.993834     50      59   Viral Pneumonia-747        train
249  1270.5      1.236842  0.999607     47      38           Normal-1978        train
255  1058.0      1.026316  0.996234     39      38           Normal-1932        train
260  1644.5      1.421053  0.995761     54      38           Normal-2545        train
261  1266.0      1.406250  0.990998     45      32           Normal-8438        train
264  2143.0      0.854545  0.994893     47      55  Viral Pneumonia-1048        train
268  1453.5      1.428571  0.999312     50      35           Normal-9349        train
272  1305.0      1.352941  0.996564     46      34           Normal-9390        train
279  1864.0      1.085106  0.983641     51      47            COVID-2068        train
285  1174.5      0.860465  0.999149     37      43            COVID-3031        train
286  1616.5      1.307692  0.984470     51      39           Normal-9941        train
287  1306.0      1.131579  0.989769     43      38            COVID-3387        train
288  1174.0      1.257143  0.992392     44      35   Viral Pneumonia-934        train
289  1126.0      1.200000  0.989455     42      35             COVID-979        train
291  1096.5      1.052632  0.997725     40      38            COVID-2594        train
293  2451.0      0.830508  0.997964     49      59    Viral Pneumonia-67        train
296  1689.0      1.113636  0.977713     49      44   Viral Pneumonia-793        train
298  1949.0      1.020408  0.973283     50      49           Normal-8330        train
300  2001.0      0.923077  0.978963     48      52           Normal-2576        train
307  1107.5      1.375000  0.987517     44      32           Normal-1820        train
310  1356.0      1.515152  0.992679     50      33           Normal-8608        train
314  1509.5      1.588235  0.999338     54      34            COVID-1823        train
324   319.5      1.555556  0.981567     28      18           Normal-1940        train
329  1793.0      0.823529  1.000000     42      51           Normal-2076        train
334  1581.0      1.307692  0.967268     51      39           Normal-9111        train
337  1075.5      1.250000  0.990788     40      32           Normal-6820        train
339  2883.5      0.870968  0.989364     54      62   Viral Pneumonia-301        train
340  1063.0      1.466667  0.995785     44      30           Normal-9468        train
341  1659.5      1.200000  0.982534     48      40           Normal-9997        train
348  1762.5      1.065217  0.981894     49      46   Viral Pneumonia-225        train
352  1924.0      0.870370  0.990731     47      54   Viral Pneumonia-714        train
356  1591.5      1.432432  0.997180     53      37            COVID-2848        train
357  1446.5      0.976744  0.977035     42      43           Normal-3873        train
362  1452.5      1.558824  0.998625     53      34           Normal-8028        train
363  1283.5      1.333333  0.996893     48      36            Normal-415        train
368  1878.0      0.882353  1.000000     45      51           Normal-3811        train
378  1793.0      1.358974  0.981928     53      39   Viral Pneumonia-208        train
379  1605.5      1.787879  1.000000     59      33            COVID-1515        train
384  1530.0      1.500000  1.000000     54      36           Normal-4376        train
385  1326.5      0.926829  0.982593     38      41           Normal-3945        train
386   992.0      1.218750  0.995984     39      32             COVID-308        train
388  1464.0      1.514286  0.986523     53      35           Normal-2677        train
389  1575.5      0.857143  0.995891     42      49           Normal-4846        train
390  1160.0      1.200000  0.977254     42      35            COVID-2400        train
393  1086.0      1.081081  0.998621     40      37           Normal-1927        train
394  1061.0      1.000000  0.994377     37      37            COVID-2292        train
395  1242.5      1.131579  0.996391     43      38   Viral Pneumonia-767        train
398  1273.5      1.580645  1.000000     49      31            COVID-3305        train
399  1220.5      1.000000  0.980321     40      40           Normal-6587        train
404  1568.5      0.791667  0.990215     38      48           Normal-3816        train
405  2126.0      1.076923  0.983121     56      52           Normal-6411        train
413  1538.0      0.869565  0.984005     40      46           Normal-9343        train
419  1110.5      1.387097  0.999100     43      31            COVID-3136        train
420  1096.5      1.633333  0.995009     49      30   Viral Pneumonia-929        train
422   856.0      0.846154  0.994193     33      39            COVID-1935        train
426  1844.5      1.333333  0.977737     56      42           Normal-2603        train
430  1512.0      1.472222  0.994083     53      36           Normal-8814        train
435  2199.5      0.877193  0.995699     50      57  Viral Pneumonia-1152        train
438  1315.0      1.050000  0.980977     42      40             COVID-231        train
448  2031.0      0.732143  0.998034     41      56            COVID-3316        train
453  1936.5      1.340909  0.975567     59      44           Normal-5028        train
454  1572.5      1.044444  0.984043     47      45            COVID-1653        train
457  2197.0      1.187500  0.981680     57      48   Viral Pneumonia-433        train
459  1285.0      1.194444  0.984674     43      36            COVID-3606        train
460  1764.5      0.840000  0.997456     42      50           Normal-8452        train
465  1925.0      0.884615  0.991501     46      52   Viral Pneumonia-336        train
481  1487.0      0.854167  0.991333     41      48   Viral Pneumonia-791        train
483  1226.0      1.000000  1.000000     40      40           Normal-2872        train
484  1187.5      0.482143  0.916281     27      56           Normal-9508        train
495  1062.0      1.088235  0.999059     37      34  Viral Pneumonia-1167        train
500  2085.0      0.870370  0.986515     47      54   Viral Pneumonia-719        train
509   794.5      1.481481  0.988184     40      27           Normal-2248        train
510  2100.5      0.754386  0.998099     43      57           Normal-8907        train
511   607.5      1.458333  0.995086     35      24           Normal-1659        train
515  1507.5      1.150000  0.976360     46      40           Normal-8015        train
517  1453.0      1.727273  1.000000     57      33           Normal-6151        train
520  1616.5      1.022727  0.984170     45      44           Normal-1460        train
521  1865.5      0.880000  0.997594     44      50           Normal-5241        train
524  1906.5      0.862745  0.998429     44      51   Viral Pneumonia-804        train
528  1258.0      1.026316  0.992505     39      38           Normal-5977        train
534  1183.0      1.025641  0.994118     40      39            COVID-2496        train
542  1532.5      1.416667  0.991909     51      36           Normal-5777        train
544  1333.0      1.500000  0.988506     48      32           Normal-6922        train
548  1276.0      1.411765  0.996097     48      34           Normal-8543        train
549  1241.5      1.270270  0.994393     47      37           Normal-2430        train
552   274.0      2.000000  0.996364     28      14           Normal-2001        train
564   581.0      1.565217  0.995716     36      23           Normal-2401        train
569  1153.0      1.666667  0.980442     50      30            COVID-1502        train
570  2662.0      0.883333  0.994582     53      60           Normal-8315        train
572  1097.0      1.200000  0.996367     42      35            COVID-2259        train
574  1213.0      1.054054  0.992635     39      37             COVID-564        train
582   545.0      1.160000  0.990009     29      25           Normal-1572        train
584  2253.0      0.875000  0.995141     49      56           Normal-7076        train
586  1517.0      1.175000  0.977134     47      40           Normal-2553        train
588  1428.5      1.170732  0.980776     48      41   Viral Pneumonia-999        train
590  1258.5      1.131579  0.997227     43      38            Normal-105        train
592  1371.0      1.428571  0.998180     50      35            COVID-3095        train
595  1610.5      1.447368  0.991993     55      38           Normal-8952        train
596  1564.0      1.021739  0.983339     47      46            COVID-2077        train
598   987.5      0.921053  0.886445     35      38           Normal-9556        train
600  1156.0      1.406250  0.986348     45      32            COVID-1943        train
604  1321.0      1.612903  1.000000     50      31           Normal-8561        train
608  1584.0      0.865385  0.995287     45      52            COVID-2281        train
611  1179.0      1.666667  0.996198     50      30           Normal-1483        train
617  1087.0      0.975610  0.994056     40      41            COVID-2616        train
619  1647.5      1.421053  0.985347     54      38           Normal-2182        train
622   890.0      0.947368  1.000000     36      38           Normal-2647        train
627  1139.0      1.078947  1.000000     41      38            COVID-1785        train
632  1609.0      1.486486  0.992291     55      37          Normal-10179        train
638  1723.5      1.000000  0.979540     48      48            COVID-2725        train
641  1995.0      0.851852  0.993279     46      54   Viral Pneumonia-707         test
645  1807.0      1.435897  1.000000     56      39            COVID-2072         test
646  1650.5      1.473684  0.996077     56      38          Normal-10078         test
652  1607.5      1.485714  0.997518     52      35   Viral Pneumonia-335         test
656  1428.5      0.886364  0.996860     39      44           Normal-3720         test
660  1186.5      1.250000  0.996640     45      36           Normal-1891         test
666  2707.0      0.822581  0.980442     51      62   Viral Pneumonia-745         test
667  1279.0      0.975000  0.995331     39      40           Normal-6322         test
669  1053.0      1.194444  0.991525     43      36            COVID-2536         test
670  1297.0      1.352941  1.000000     46      34            COVID-2169         test
671  1330.5      1.515152  0.997003     50      33           Normal-5329         test
673  1306.0      0.928571  0.984175     39      42            COVID-2638         test
674   930.5      1.366667  0.968766     41      30           Normal-9248         test
676  1878.5      0.839286  0.978131     47      56   Viral Pneumonia-675         test
677  1247.0      1.051282  0.996803     41      39   Viral Pneumonia-901         test
679  1544.5      1.230769  0.980324     48      39           Normal-9934         test
682  1531.0      0.847826  0.985199     39      46            COVID-2829         test
688  1722.0      0.833333  1.000000     40      48            COVID-2542         test
690  2293.5      0.810345  0.994148     47      58    Viral Pneumonia-64         test
691  1306.5      1.256410  0.832696     49      39           Normal-8317         test
693  1420.0      0.977273  0.982359     43      44            COVID-1137         test
694  1824.5      1.380952  0.984088     58      42            COVID-3593         test
696  1809.5      0.875000  0.991235     49      56   Viral Pneumonia-623         test
698  1846.5      1.450000  0.999459     58      40           Normal-2299         test
700  1680.5      1.166667  0.980741     49      42           Normal-7635         test
702  1467.5      1.444444  0.991554     52      36           Normal-1088         test
707  1930.0      1.170213  0.972047     55      47   Viral Pneumonia-220         test
710  1010.5      1.281250  1.000000     41      32           Normal-9419         test
711  1547.0      1.500000  0.981599     54      36            COVID-3099         test
713   986.0      1.448276  0.977690     42      29           Normal-7573         test
717  1534.5      1.421053  1.000000     54      38            COVID-1387         test
719  1200.0      1.323529  0.997092     45      34            COVID-3380         test
720  1164.5      1.516129  0.998714     47      31             COVID-709         test
727  1408.0      0.714286  0.990852     35      49  Viral Pneumonia-1161         test
728  1647.5      0.980769  0.843574     51      52   Viral Pneumonia-528         test
730  1118.0      1.050000  0.991135     42      40             Normal-52         test
734  1998.0      0.851852  0.994277     46      54              COVID-94         test
737  1843.0      1.450000  1.000000     58      40           Normal-9797         test
749   618.5      1.185185  1.000000     32      27           Normal-1756         test
764  1143.0      1.210526  0.989610     46      38           Normal-1943         test
767  1187.0      1.162162  0.990405     43      37            COVID-1733         test
769  2300.0      0.864407  0.991379     51      59   Viral Pneumonia-989         test
770   345.5      1.421053  0.991392     27      19           Normal-2881         test
773  1817.5      0.884615  0.995073     46      52   Viral Pneumonia-501         test
775  1287.0      1.102564  0.990381     43      39            COVID-2025         test
776  1542.0      1.432432  0.985934     53      37           Normal-3583         test
784  2127.5      0.839286  1.000000     47      56   Viral Pneumonia-135         test
786  2114.5      0.803571  0.985781     45      56   Viral Pneumonia-263         test
789  1187.5      1.000000  0.989583     38      38            COVID-3087         test
792  1518.0      1.142857  0.982206     48      42            COVID-2948         test
793   628.0      1.480000  0.982017     37      25           Normal-3351         test